[2] Merge With [195] into [195, 2]
[3] Merge With [160] into [160, 3]
[4] Merge With [179] into [179, 4]
[5] Merge With [198] into [198, 5]
[6] Merge With [189] into [189, 6]
[7] Merge With [165] into [165, 7]
[8] Merge With [184] into [184, 8]
[10] Merge With [161] into [161, 10]
[11] Merge With [97] into [97, 11]
[12] Merge With [193] into [193, 12]
[13] Merge With [111] into [111, 13]
[14] Merge With [180] into [180, 14]
[15] Merge With [88] into [88, 15]
[17] Merge With [164] into [164, 17]
[18] Merge With [151] into [151, 18]
[19] Merge With [111, 13] into [111, 13, 19]
[20] Merge With [142] into [142, 20]
[21] Merge With [188] into [188, 21]
[22] Merge With [176] into [176, 22]
[23] Merge With [94] into [94, 23]
[26] Merge With [173] into [173, 26]
[27] Merge With [180, 14] into [180, 14, 27]
[28] Merge With [94, 23] into [94, 23, 28]
[29] Merge With [111, 13, 19] into [111, 13, 19, 29]
[30] Merge With [180, 14, 27] into [180, 14, 27, 30]
[31] Merge With [111, 13, 19, 29] into [111, 13, 19, 29, 31]
[32] Merge With [188, 21] into [188, 21, 32]
[33] Merge With [176, 22] into [176, 22, 33]
[34] Merge With [187] into [187, 34]
[35] Merge With [40] into [40, 35]
[36] Merge With [188, 21, 32] into [188, 21, 32, 36]
[37] Merge With [144] into [144, 37]
[38] Merge With [9] into [9, 38]
[39] Merge With [111, 13, 19, 29, 31] into [111, 13, 19, 29, 31, 39]
[41] Merge With [132] into [132, 41]
[42] Merge With [84] into [84, 42]
[43] Merge With [111, 13, 19, 29, 31, 39] into [111, 13, 19, 29, 31, 39, 43]
[44] Merge With [173, 26] into [173, 26, 44]
[45] Merge With [124] into [124, 45]
[46] Merge With [187, 34] into [187, 34, 46]
[47] Merge With [169] into [169, 47]
[48] Merge With [111, 13, 19, 29, 31, 39, 43] into [111, 13, 19, 29, 31, 39, 43, 48]
[49] Merge With [50] into [50, 49]
[51] Merge With [160, 3] into [160, 3, 51]
[52] Merge With [69] into [69, 52]
[53] Merge With [198, 5] into [198, 5, 53]
[54] Merge With [151, 18] into [151, 18, 54]
[55] Merge With [169, 47] into [169, 47, 55]
[56] Merge With [50, 49] into [50, 49, 56]
[57] Merge With [119] into [119, 57]
[58] Merge With [169, 47, 55] into [169, 47, 55, 58]
[59] Merge With [200] into [200, 59]
[60] Merge With [16] into [16, 60]
[61] Merge With [160, 3, 51] into [160, 3, 51, 61]
[62] Merge With [196] into [196, 62]
[63] Merge With [151, 18, 54] into [151, 18, 54, 63]
[64] Merge With [200, 59] into [200, 59, 64]
[65] Merge With [107] into [107, 65]
[66] Merge With [111, 13, 19, 29, 31, 39, 43, 48] into [111, 13, 19, 29, 31, 39, 43, 48, 66]
[67] Merge With [121] into [121, 67]
[68] Merge With [16, 60] into [16, 60, 68]
[70] Merge With [98] into [98, 70]
[71] Merge With [134] into [134, 71]
[72] Merge With [151, 18, 54, 63] into [151, 18, 54, 63, 72]
[73] Merge With [16, 60, 68] into [16, 60, 68, 73]
[74] Merge With [188, 21, 32, 36] into [188, 21, 32, 36, 74]
[75] Merge With [188, 21, 32, 36, 74] into [188, 21, 32, 36, 74, 75]
[77] Merge With [111, 13, 19, 29, 31, 39, 43, 48, 66] into [111, 13, 19, 29, 31, 39, 43, 48, 66, 77]
[78] Merge With [16, 60, 68, 73] into [16, 60, 68, 73, 78]
[79] Merge With [151, 18, 54, 63, 72] into [151, 18, 54, 63, 72, 79]
[80] Merge With [169, 47, 55, 58] into [169, 47, 55, 58, 80]
[81] Merge With [16, 60, 68, 73, 78] into [16, 60, 68, 73, 78, 81]
[82] Merge With [169, 47, 55, 58, 80] into [169, 47, 55, 58, 80, 82]
[83] Merge With [174] into [174, 83]
[85] Merge With [0] into [0, 85]
[86] Merge With [165, 7] into [165, 7, 86]
[87] Merge With [101] into [101, 87]
[89] Merge With [160, 3, 51, 61] into [160, 3, 51, 61, 89]
[90] Merge With [9, 38] into [9, 38, 90]
[92] Merge With [101, 87] into [101, 87, 92]
[93] Merge With [101, 87, 92] into [101, 87, 92, 93]
[95] Merge With [9, 38, 90] into [9, 38, 90, 95]
[96] Merge With [169, 47, 55, 58, 80, 82] into [169, 47, 55, 58, 80, 82, 96]
[99] Merge With [197] into [197, 99]
[100] Merge With [169, 47, 55, 58, 80, 82, 96] into [169, 47, 55, 58, 80, 82, 96, 100]
[102] Merge With [9, 38, 90, 95] into [9, 38, 90, 95, 102]
[103] Merge With [169, 47, 55, 58, 80, 82, 96, 100] into [169, 47, 55, 58, 80, 82, 96, 100, 103]
[104] Merge With [50, 49, 56] into [50, 49, 56, 104]
[105] Merge With [184, 8] into [184, 8, 105]
[106] Merge With [101, 87, 92, 93] into [101, 87, 92, 93, 106]
[108] Merge With [169, 47, 55, 58, 80, 82, 96, 100, 103] into [169, 47, 55, 58, 80, 82, 96, 100, 103, 108]
[109] Merge With [160, 3, 51, 61, 89] into [160, 3, 51, 61, 89, 109]
[110] Merge With [160, 3, 51, 61, 89, 109] into [160, 3, 51, 61, 89, 109, 110]
[112] Merge With [111, 13, 19, 29, 31, 39, 43, 48, 66, 77] into [111, 13, 19, 29, 31, 39, 43, 48, 66, 77, 112]
[113] Merge With [40, 35] into [40, 35, 113]
[114] Merge With [84, 42] into [84, 42, 114]
[115] Merge With [184, 8, 105] into [184, 8, 105, 115]
[116] Merge With [184, 8, 105, 115] into [184, 8, 105, 115, 116]
[117] Merge With [119, 57] into [119, 57, 117]
[118] Merge With [132, 41] into [132, 41, 118]
[120] Merge With [9, 38, 90, 95, 102] into [9, 38, 90, 95, 102, 120]
[122] Merge With [119, 57, 117] into [119, 57, 117, 122]
[125] Merge With [111, 13, 19, 29, 31, 39, 43, 48, 66, 77, 112] into [111, 13, 19, 29, 31, 39, 43, 48, 66, 77, 112, 125]
[126] Merge With [169, 47, 55, 58, 80, 82, 96, 100, 103, 108] into [169, 47, 55, 58, 80, 82, 96, 100, 103, 108, 126]
[127] Merge With [169, 47, 55, 58, 80, 82, 96, 100, 103, 108, 126] into [169, 47, 55, 58, 80, 82, 96, 100, 103, 108, 126, 127]
[128] Merge With [169, 47, 55, 58, 80, 82, 96, 100, 103, 108, 126, 127] into [169, 47, 55, 58, 80, 82, 96, 100, 103, 108, 126, 127, 128]
[130] Merge With [111, 13, 19, 29, 31, 39, 43, 48, 66, 77, 112, 125] into [111, 13, 19, 29, 31, 39, 43, 48, 66, 77, 112, 125, 130]
[131] Merge With [169, 47, 55, 58, 80, 82, 96, 100, 103, 108, 126, 127, 128] into [169, 47, 55, 58, 80, 82, 96, 100, 103, 108, 126, 127, 128, 131]
[133] Merge With [173, 26, 44] into [173, 26, 44, 133]
[135] Merge With [169, 47, 55, 58, 80, 82, 96, 100, 103, 108, 126, 127, 128, 131] into [169, 47, 55, 58, 80, 82, 96, 100, 103, 108, 126, 127, 128, 131, 135]
[136] Merge With [169, 47, 55, 58, 80, 82, 96, 100, 103, 108, 126, 127, 128, 131, 135] into [169, 47, 55, 58, 80, 82, 96, 100, 103, 108, 126, 127, 128, 131, 135, 136]
[140] Merge With [101, 87, 92, 93, 106] into [101, 87, 92, 93, 106, 140]
[141] Merge With [198, 5, 53] into [198, 5, 53, 141]
[143] Merge With [101, 87, 92, 93, 106, 140] into [101, 87, 92, 93, 106, 140, 143]
[145] Merge With [198, 5, 53, 141] into [198, 5, 53, 141, 145]
[146] Merge With [151, 18, 54, 63, 72, 79] into [151, 18, 54, 63, 72, 79, 146]
[147] Merge With [40, 35, 113] into [40, 35, 113, 147]
[148] Merge With [151, 18, 54, 63, 72, 79, 146] into [151, 18, 54, 63, 72, 79, 146, 148]
[149] Merge With [173, 26, 44, 133] into [173, 26, 44, 133, 149]
[150] Merge With [40, 35, 113, 147] into [40, 35, 113, 147, 150]
[152] Merge With [101, 87, 92, 93, 106, 140, 143] into [101, 87, 92, 93, 106, 140, 143, 152]
[153] Merge With [16, 60, 68, 73, 78, 81] into [16, 60, 68, 73, 78, 81, 153]
[154] Merge With [9, 38, 90, 95, 102, 120] into [9, 38, 90, 95, 102, 120, 154]
[155] Merge With [1] into [1, 155]
[156] Merge With [169, 47, 55, 58, 80, 82, 96, 100, 103, 108, 126, 127, 128, 131, 135, 136] into [169, 47, 55, 58, 80, 82, 96, 100, 103, 108, 126, 127, 128, 131, 135, 136, 156]
[157] Merge With [16, 60, 68, 73, 78, 81, 153] into [16, 60, 68, 73, 78, 81, 153, 157]
[158] Merge With [198, 5, 53, 141, 145] into [198, 5, 53, 141, 145, 158]
[159] Merge With [16, 60, 68, 73, 78, 81, 153, 157] into [16, 60, 68, 73, 78, 81, 153, 157, 159]
[162] Merge With [169, 47, 55, 58, 80, 82, 96, 100, 103, 108, 126, 127, 128, 131, 135, 136, 156] into [169, 47, 55, 58, 80, 82, 96, 100, 103, 108, 126, 127, 128, 131, 135, 136, 156, 162]
[163] Merge With [151, 18, 54, 63, 72, 79, 146, 148] into [151, 18, 54, 63, 72, 79, 146, 148, 163]
[166] Merge With [9, 38, 90, 95, 102, 120, 154] into [9, 38, 90, 95, 102, 120, 154, 166]
[167] Merge With [169, 47, 55, 58, 80, 82, 96, 100, 103, 108, 126, 127, 128, 131, 135, 136, 156, 162] into [169, 47, 55, 58, 80, 82, 96, 100, 103, 108, 126, 127, 128, 131, 135, 136, 156, 162, 167]
[168] Merge With [9, 38, 90, 95, 102, 120, 154, 166] into [9, 38, 90, 95, 102, 120, 154, 166, 168]
[171] Merge With [40, 35, 113, 147, 150] into [40, 35, 113, 147, 150, 171]
[172] Merge With [200, 59, 64] into [200, 59, 64, 172]
[175] Merge With [9, 38, 90, 95, 102, 120, 154, 166, 168] into [9, 38, 90, 95, 102, 120, 154, 166, 168, 175]
[177] Merge With [169, 47, 55, 58, 80, 82, 96, 100, 103, 108, 126, 127, 128, 131, 135, 136, 156, 162, 167] into [169, 47, 55, 58, 80, 82, 96, 100, 103, 108, 126, 127, 128, 131, 135, 136, 156, 162, 167, 177]
[178] Merge With [169, 47, 55, 58, 80, 82, 96, 100, 103, 108, 126, 127, 128, 131, 135, 136, 156, 162, 167, 177] into [169, 47, 55, 58, 80, 82, 96, 100, 103, 108, 126, 127, 128, 131, 135, 136, 156, 162, 167, 177, 178]
[181] Merge With [183] into [183, 181]
[182] Merge With [169, 47, 55, 58, 80, 82, 96, 100, 103, 108, 126, 127, 128, 131, 135, 136, 156, 162, 167, 177, 178] into [169, 47, 55, 58, 80, 82, 96, 100, 103, 108, 126, 127, 128, 131, 135, 136, 156, 162, 167, 177, 178, 182]
[186] Merge With [40, 35, 113, 147, 150, 171] into [40, 35, 113, 147, 150, 171, 186]
[191] Merge With [169, 47, 55, 58, 80, 82, 96, 100, 103, 108, 126, 127, 128, 131, 135, 136, 156, 162, 167, 177, 178, 182] into [169, 47, 55, 58, 80, 82, 96, 100, 103, 108, 126, 127, 128, 131, 135, 136, 156, 162, 167, 177, 178, 182, 191]
[192] Merge With [169, 47, 55, 58, 80, 82, 96, 100, 103, 108, 126, 127, 128, 131, 135, 136, 156, 162, 167, 177, 178, 182, 191] into [169, 47, 55, 58, 80, 82, 96, 100, 103, 108, 126, 127, 128, 131, 135, 136, 156, 162, 167, 177, 178, 182, 191, 192]
[194] Merge With [9, 38, 90, 95, 102, 120, 154, 166, 168, 175] into [9, 38, 90, 95, 102, 120, 154, 166, 168, 175, 194]
[199] Merge With [151, 18, 54, 63, 72, 79, 146, 148, 163] into [151, 18, 54, 63, 72, 79, 146, 148, 163, 199]
[195, 2] Merge With [169, 47, 55, 58, 80, 82, 96, 100, 103, 108, 126, 127, 128, 131, 135, 136, 156, 162, 167, 177, 178, 182, 191, 192] into [169, 47, 55, 58, 80, 82, 96, 100, 103, 108, 126, 127, 128, 131, 135, 136, 156, 162, 167, 177, 178, 182, 191, 192, 195, 2]
[179, 4] Merge With [169, 47, 55, 58, 80, 82, 96, 100, 103, 108, 126, 127, 128, 131, 135, 136, 156, 162, 167, 177, 178, 182, 191, 192, 195, 2] into [169, 47, 55, 58, 80, 82, 96, 100, 103, 108, 126, 127, 128, 131, 135, 136, 156, 162, 167, 177, 178, 182, 191, 192, 195, 2, 179, 4]
[189, 6] Merge With [169, 47, 55, 58, 80, 82, 96, 100, 103, 108, 126, 127, 128, 131, 135, 136, 156, 162, 167, 177, 178, 182, 191, 192, 195, 2, 179, 4] into [169, 47, 55, 58, 80, 82, 96, 100, 103, 108, 126, 127, 128, 131, 135, 136, 156, 162, 167, 177, 178, 182, 191, 192, 195, 2, 179, 4, 189, 6]
[161, 10] Merge With [169, 47, 55, 58, 80, 82, 96, 100, 103, 108, 126, 127, 128, 131, 135, 136, 156, 162, 167, 177, 178, 182, 191, 192, 195, 2, 179, 4, 189, 6] into [169, 47, 55, 58, 80, 82, 96, 100, 103, 108, 126, 127, 128, 131, 135, 136, 156, 162, 167, 177, 178, 182, 191, 192, 195, 2, 179, 4, 189, 6, 161, 10]
[97, 11] Merge With [169, 47, 55, 58, 80, 82, 96, 100, 103, 108, 126, 127, 128, 131, 135, 136, 156, 162, 167, 177, 178, 182, 191, 192, 195, 2, 179, 4, 189, 6, 161, 10] into [169, 47, 55, 58, 80, 82, 96, 100, 103, 108, 126, 127, 128, 131, 135, 136, 156, 162, 167, 177, 178, 182, 191, 192, 195, 2, 179, 4, 189, 6, 161, 10, 97, 11]
[193, 12] Merge With [169, 47, 55, 58, 80, 82, 96, 100, 103, 108, 126, 127, 128, 131, 135, 136, 156, 162, 167, 177, 178, 182, 191, 192, 195, 2, 179, 4, 189, 6, 161, 10, 97, 11] into [169, 47, 55, 58, 80, 82, 96, 100, 103, 108, 126, 127, 128, 131, 135, 136, 156, 162, 167, 177, 178, 182, 191, 192, 195, 2, 179, 4, 189, 6, 161, 10, 97, 11, 193, 12]
[88, 15] Merge With [169, 47, 55, 58, 80, 82, 96, 100, 103, 108, 126, 127, 128, 131, 135, 136, 156, 162, 167, 177, 178, 182, 191, 192, 195, 2, 179, 4, 189, 6, 161, 10, 97, 11, 193, 12] into [169, 47, 55, 58, 80, 82, 96, 100, 103, 108, 126, 127, 128, 131, 135, 136, 156, 162, 167, 177, 178, 182, 191, 192, 195, 2, 179, 4, 189, 6, 161, 10, 97, 11, 193, 12, 88, 15]
[164, 17] Merge With [9, 38, 90, 95, 102, 120, 154, 166, 168, 175, 194] into [9, 38, 90, 95, 102, 120, 154, 166, 168, 175, 194, 164, 17]
[142, 20] Merge With [9, 38, 90, 95, 102, 120, 154, 166, 168, 175, 194, 164, 17] into [9, 38, 90, 95, 102, 120, 154, 166, 168, 175, 194, 164, 17, 142, 20]
[94, 23, 28] Merge With [169, 47, 55, 58, 80, 82, 96, 100, 103, 108, 126, 127, 128, 131, 135, 136, 156, 162, 167, 177, 178, 182, 191, 192, 195, 2, 179, 4, 189, 6, 161, 10, 97, 11, 193, 12, 88, 15] into [169, 47, 55, 58, 80, 82, 96, 100, 103, 108, 126, 127, 128, 131, 135, 136, 156, 162, 167, 177, 178, 182, 191, 192, 195, 2, 179, 4, 189, 6, 161, 10, 97, 11, 193, 12, 88, 15, 94, 23, 28]
[180, 14, 27, 30] Merge With [169, 47, 55, 58, 80, 82, 96, 100, 103, 108, 126, 127, 128, 131, 135, 136, 156, 162, 167, 177, 178, 182, 191, 192, 195, 2, 179, 4, 189, 6, 161, 10, 97, 11, 193, 12, 88, 15, 94, 23, 28] into [169, 47, 55, 58, 80, 82, 96, 100, 103, 108, 126, 127, 128, 131, 135, 136, 156, 162, 167, 177, 178, 182, 191, 192, 195, 2, 179, 4, 189, 6, 161, 10, 97, 11, 193, 12, 88, 15, 94, 23, 28, 180, 14, 27, 30]
[176, 22, 33] Merge With [169, 47, 55, 58, 80, 82, 96, 100, 103, 108, 126, 127, 128, 131, 135, 136, 156, 162, 167, 177, 178, 182, 191, 192, 195, 2, 179, 4, 189, 6, 161, 10, 97, 11, 193, 12, 88, 15, 94, 23, 28, 180, 14, 27, 30] into [169, 47, 55, 58, 80, 82, 96, 100, 103, 108, 126, 127, 128, 131, 135, 136, 156, 162, 167, 177, 178, 182, 191, 192, 195, 2, 179, 4, 189, 6, 161, 10, 97, 11, 193, 12, 88, 15, 94, 23, 28, 180, 14, 27, 30, 176, 22, 33]
[144, 37] Merge With [160, 3, 51, 61, 89, 109, 110] into [160, 3, 51, 61, 89, 109, 110, 144, 37]
[124, 45] Merge With [169, 47, 55, 58, 80, 82, 96, 100, 103, 108, 126, 127, 128, 131, 135, 136, 156, 162, 167, 177, 178, 182, 191, 192, 195, 2, 179, 4, 189, 6, 161, 10, 97, 11, 193, 12, 88, 15, 94, 23, 28, 180, 14, 27, 30, 176, 22, 33] into [169, 47, 55, 58, 80, 82, 96, 100, 103, 108, 126, 127, 128, 131, 135, 136, 156, 162, 167, 177, 178, 182, 191, 192, 195, 2, 179, 4, 189, 6, 161, 10, 97, 11, 193, 12, 88, 15, 94, 23, 28, 180, 14, 27, 30, 176, 22, 33, 124, 45]
[187, 34, 46] Merge With [25] into [25, 187, 34, 46]
[69, 52] Merge With [169, 47, 55, 58, 80, 82, 96, 100, 103, 108, 126, 127, 128, 131, 135, 136, 156, 162, 167, 177, 178, 182, 191, 192, 195, 2, 179, 4, 189, 6, 161, 10, 97, 11, 193, 12, 88, 15, 94, 23, 28, 180, 14, 27, 30, 176, 22, 33, 124, 45] into [169, 47, 55, 58, 80, 82, 96, 100, 103, 108, 126, 127, 128, 131, 135, 136, 156, 162, 167, 177, 178, 182, 191, 192, 195, 2, 179, 4, 189, 6, 161, 10, 97, 11, 193, 12, 88, 15, 94, 23, 28, 180, 14, 27, 30, 176, 22, 33, 124, 45, 69, 52]
[196, 62] Merge With [169, 47, 55, 58, 80, 82, 96, 100, 103, 108, 126, 127, 128, 131, 135, 136, 156, 162, 167, 177, 178, 182, 191, 192, 195, 2, 179, 4, 189, 6, 161, 10, 97, 11, 193, 12, 88, 15, 94, 23, 28, 180, 14, 27, 30, 176, 22, 33, 124, 45, 69, 52] into [169, 47, 55, 58, 80, 82, 96, 100, 103, 108, 126, 127, 128, 131, 135, 136, 156, 162, 167, 177, 178, 182, 191, 192, 195, 2, 179, 4, 189, 6, 161, 10, 97, 11, 193, 12, 88, 15, 94, 23, 28, 180, 14, 27, 30, 176, 22, 33, 124, 45, 69, 52, 196, 62]
[107, 65] Merge With [9, 38, 90, 95, 102, 120, 154, 166, 168, 175, 194, 164, 17, 142, 20] into [9, 38, 90, 95, 102, 120, 154, 166, 168, 175, 194, 164, 17, 142, 20, 107, 65]
[121, 67] Merge With [9, 38, 90, 95, 102, 120, 154, 166, 168, 175, 194, 164, 17, 142, 20, 107, 65] into [9, 38, 90, 95, 102, 120, 154, 166, 168, 175, 194, 164, 17, 142, 20, 107, 65, 121, 67]
[98, 70] Merge With [9, 38, 90, 95, 102, 120, 154, 166, 168, 175, 194, 164, 17, 142, 20, 107, 65, 121, 67] into [9, 38, 90, 95, 102, 120, 154, 166, 168, 175, 194, 164, 17, 142, 20, 107, 65, 121, 67, 98, 70]
[188, 21, 32, 36, 74, 75] Merge With [9, 38, 90, 95, 102, 120, 154, 166, 168, 175, 194, 164, 17, 142, 20, 107, 65, 121, 67, 98, 70] into [9, 38, 90, 95, 102, 120, 154, 166, 168, 175, 194, 164, 17, 142, 20, 107, 65, 121, 67, 98, 70, 188, 21, 32, 36, 74, 75]
[174, 83] Merge With [9, 38, 90, 95, 102, 120, 154, 166, 168, 175, 194, 164, 17, 142, 20, 107, 65, 121, 67, 98, 70, 188, 21, 32, 36, 74, 75] into [9, 38, 90, 95, 102, 120, 154, 166, 168, 175, 194, 164, 17, 142, 20, 107, 65, 121, 67, 98, 70, 188, 21, 32, 36, 74, 75, 174, 83]
[0, 85] Merge With [169, 47, 55, 58, 80, 82, 96, 100, 103, 108, 126, 127, 128, 131, 135, 136, 156, 162, 167, 177, 178, 182, 191, 192, 195, 2, 179, 4, 189, 6, 161, 10, 97, 11, 193, 12, 88, 15, 94, 23, 28, 180, 14, 27, 30, 176, 22, 33, 124, 45, 69, 52, 196, 62] into [169, 47, 55, 58, 80, 82, 96, 100, 103, 108, 126, 127, 128, 131, 135, 136, 156, 162, 167, 177, 178, 182, 191, 192, 195, 2, 179, 4, 189, 6, 161, 10, 97, 11, 193, 12, 88, 15, 94, 23, 28, 180, 14, 27, 30, 176, 22, 33, 124, 45, 69, 52, 196, 62, 0, 85]
[165, 7, 86] Merge With [101, 87, 92, 93, 106, 140, 143, 152] into [101, 87, 92, 93, 106, 140, 143, 152, 165, 7, 86]
[197, 99] Merge With [169, 47, 55, 58, 80, 82, 96, 100, 103, 108, 126, 127, 128, 131, 135, 136, 156, 162, 167, 177, 178, 182, 191, 192, 195, 2, 179, 4, 189, 6, 161, 10, 97, 11, 193, 12, 88, 15, 94, 23, 28, 180, 14, 27, 30, 176, 22, 33, 124, 45, 69, 52, 196, 62, 0, 85] into [169, 47, 55, 58, 80, 82, 96, 100, 103, 108, 126, 127, 128, 131, 135, 136, 156, 162, 167, 177, 178, 182, 191, 192, 195, 2, 179, 4, 189, 6, 161, 10, 97, 11, 193, 12, 88, 15, 94, 23, 28, 180, 14, 27, 30, 176, 22, 33, 124, 45, 69, 52, 196, 62, 0, 85, 197, 99]
[50, 49, 56, 104] Merge With [169, 47, 55, 58, 80, 82, 96, 100, 103, 108, 126, 127, 128, 131, 135, 136, 156, 162, 167, 177, 178, 182, 191, 192, 195, 2, 179, 4, 189, 6, 161, 10, 97, 11, 193, 12, 88, 15, 94, 23, 28, 180, 14, 27, 30, 176, 22, 33, 124, 45, 69, 52, 196, 62, 0, 85, 197, 99] into [169, 47, 55, 58, 80, 82, 96, 100, 103, 108, 126, 127, 128, 131, 135, 136, 156, 162, 167, 177, 178, 182, 191, 192, 195, 2, 179, 4, 189, 6, 161, 10, 97, 11, 193, 12, 88, 15, 94, 23, 28, 180, 14, 27, 30, 176, 22, 33, 124, 45, 69, 52, 196, 62, 0, 85, 197, 99, 50, 49, 56, 104]
[84, 42, 114] Merge With [169, 47, 55, 58, 80, 82, 96, 100, 103, 108, 126, 127, 128, 131, 135, 136, 156, 162, 167, 177, 178, 182, 191, 192, 195, 2, 179, 4, 189, 6, 161, 10, 97, 11, 193, 12, 88, 15, 94, 23, 28, 180, 14, 27, 30, 176, 22, 33, 124, 45, 69, 52, 196, 62, 0, 85, 197, 99, 50, 49, 56, 104] into [169, 47, 55, 58, 80, 82, 96, 100, 103, 108, 126, 127, 128, 131, 135, 136, 156, 162, 167, 177, 178, 182, 191, 192, 195, 2, 179, 4, 189, 6, 161, 10, 97, 11, 193, 12, 88, 15, 94, 23, 28, 180, 14, 27, 30, 176, 22, 33, 124, 45, 69, 52, 196, 62, 0, 85, 197, 99, 50, 49, 56, 104, 84, 42, 114]
[184, 8, 105, 115, 116] Merge With [169, 47, 55, 58, 80, 82, 96, 100, 103, 108, 126, 127, 128, 131, 135, 136, 156, 162, 167, 177, 178, 182, 191, 192, 195, 2, 179, 4, 189, 6, 161, 10, 97, 11, 193, 12, 88, 15, 94, 23, 28, 180, 14, 27, 30, 176, 22, 33, 124, 45, 69, 52, 196, 62, 0, 85, 197, 99, 50, 49, 56, 104, 84, 42, 114] into [169, 47, 55, 58, 80, 82, 96, 100, 103, 108, 126, 127, 128, 131, 135, 136, 156, 162, 167, 177, 178, 182, 191, 192, 195, 2, 179, 4, 189, 6, 161, 10, 97, 11, 193, 12, 88, 15, 94, 23, 28, 180, 14, 27, 30, 176, 22, 33, 124, 45, 69, 52, 196, 62, 0, 85, 197, 99, 50, 49, 56, 104, 84, 42, 114, 184, 8, 105, 115, 116]
[132, 41, 118] Merge With [169, 47, 55, 58, 80, 82, 96, 100, 103, 108, 126, 127, 128, 131, 135, 136, 156, 162, 167, 177, 178, 182, 191, 192, 195, 2, 179, 4, 189, 6, 161, 10, 97, 11, 193, 12, 88, 15, 94, 23, 28, 180, 14, 27, 30, 176, 22, 33, 124, 45, 69, 52, 196, 62, 0, 85, 197, 99, 50, 49, 56, 104, 84, 42, 114, 184, 8, 105, 115, 116] into [169, 47, 55, 58, 80, 82, 96, 100, 103, 108, 126, 127, 128, 131, 135, 136, 156, 162, 167, 177, 178, 182, 191, 192, 195, 2, 179, 4, 189, 6, 161, 10, 97, 11, 193, 12, 88, 15, 94, 23, 28, 180, 14, 27, 30, 176, 22, 33, 124, 45, 69, 52, 196, 62, 0, 85, 197, 99, 50, 49, 56, 104, 84, 42, 114, 184, 8, 105, 115, 116, 132, 41, 118]
[119, 57, 117, 122] Merge With [169, 47, 55, 58, 80, 82, 96, 100, 103, 108, 126, 127, 128, 131, 135, 136, 156, 162, 167, 177, 178, 182, 191, 192, 195, 2, 179, 4, 189, 6, 161, 10, 97, 11, 193, 12, 88, 15, 94, 23, 28, 180, 14, 27, 30, 176, 22, 33, 124, 45, 69, 52, 196, 62, 0, 85, 197, 99, 50, 49, 56, 104, 84, 42, 114, 184, 8, 105, 115, 116, 132, 41, 118] into [169, 47, 55, 58, 80, 82, 96, 100, 103, 108, 126, 127, 128, 131, 135, 136, 156, 162, 167, 177, 178, 182, 191, 192, 195, 2, 179, 4, 189, 6, 161, 10, 97, 11, 193, 12, 88, 15, 94, 23, 28, 180, 14, 27, 30, 176, 22, 33, 124, 45, 69, 52, 196, 62, 0, 85, 197, 99, 50, 49, 56, 104, 84, 42, 114, 184, 8, 105, 115, 116, 132, 41, 118, 119, 57, 117, 122]
[111, 13, 19, 29, 31, 39, 43, 48, 66, 77, 112, 125, 130] Merge With [169, 47, 55, 58, 80, 82, 96, 100, 103, 108, 126, 127, 128, 131, 135, 136, 156, 162, 167, 177, 178, 182, 191, 192, 195, 2, 179, 4, 189, 6, 161, 10, 97, 11, 193, 12, 88, 15, 94, 23, 28, 180, 14, 27, 30, 176, 22, 33, 124, 45, 69, 52, 196, 62, 0, 85, 197, 99, 50, 49, 56, 104, 84, 42, 114, 184, 8, 105, 115, 116, 132, 41, 118, 119, 57, 117, 122] into [169, 47, 55, 58, 80, 82, 96, 100, 103, 108, 126, 127, 128, 131, 135, 136, 156, 162, 167, 177, 178, 182, 191, 192, 195, 2, 179, 4, 189, 6, 161, 10, 97, 11, 193, 12, 88, 15, 94, 23, 28, 180, 14, 27, 30, 176, 22, 33, 124, 45, 69, 52, 196, 62, 0, 85, 197, 99, 50, 49, 56, 104, 84, 42, 114, 184, 8, 105, 115, 116, 132, 41, 118, 119, 57, 117, 122, 111, 13, 19, 29, 31, 39, 43, 48, 66, 77, 112, 125, 130]
[173, 26, 44, 133, 149] Merge With [169, 47, 55, 58, 80, 82, 96, 100, 103, 108, 126, 127, 128, 131, 135, 136, 156, 162, 167, 177, 178, 182, 191, 192, 195, 2, 179, 4, 189, 6, 161, 10, 97, 11, 193, 12, 88, 15, 94, 23, 28, 180, 14, 27, 30, 176, 22, 33, 124, 45, 69, 52, 196, 62, 0, 85, 197, 99, 50, 49, 56, 104, 84, 42, 114, 184, 8, 105, 115, 116, 132, 41, 118, 119, 57, 117, 122, 111, 13, 19, 29, 31, 39, 43, 48, 66, 77, 112, 125, 130] into [169, 47, 55, 58, 80, 82, 96, 100, 103, 108, 126, 127, 128, 131, 135, 136, 156, 162, 167, 177, 178, 182, 191, 192, 195, 2, 179, 4, 189, 6, 161, 10, 97, 11, 193, 12, 88, 15, 94, 23, 28, 180, 14, 27, 30, 176, 22, 33, 124, 45, 69, 52, 196, 62, 0, 85, 197, 99, 50, 49, 56, 104, 84, 42, 114, 184, 8, 105, 115, 116, 132, 41, 118, 119, 57, 117, 122, 111, 13, 19, 29, 31, 39, 43, 48, 66, 77, 112, 125, 130, 173, 26, 44, 133, 149]
[198, 5, 53, 141, 145, 158] Merge With [169, 47, 55, 58, 80, 82, 96, 100, 103, 108, 126, 127, 128, 131, 135, 136, 156, 162, 167, 177, 178, 182, 191, 192, 195, 2, 179, 4, 189, 6, 161, 10, 97, 11, 193, 12, 88, 15, 94, 23, 28, 180, 14, 27, 30, 176, 22, 33, 124, 45, 69, 52, 196, 62, 0, 85, 197, 99, 50, 49, 56, 104, 84, 42, 114, 184, 8, 105, 115, 116, 132, 41, 118, 119, 57, 117, 122, 111, 13, 19, 29, 31, 39, 43, 48, 66, 77, 112, 125, 130, 173, 26, 44, 133, 149] into [169, 47, 55, 58, 80, 82, 96, 100, 103, 108, 126, 127, 128, 131, 135, 136, 156, 162, 167, 177, 178, 182, 191, 192, 195, 2, 179, 4, 189, 6, 161, 10, 97, 11, 193, 12, 88, 15, 94, 23, 28, 180, 14, 27, 30, 176, 22, 33, 124, 45, 69, 52, 196, 62, 0, 85, 197, 99, 50, 49, 56, 104, 84, 42, 114, 184, 8, 105, 115, 116, 132, 41, 118, 119, 57, 117, 122, 111, 13, 19, 29, 31, 39, 43, 48, 66, 77, 112, 125, 130, 173, 26, 44, 133, 149, 198, 5, 53, 141, 145, 158]
[16, 60, 68, 73, 78, 81, 153, 157, 159] Merge With [169, 47, 55, 58, 80, 82, 96, 100, 103, 108, 126, 127, 128, 131, 135, 136, 156, 162, 167, 177, 178, 182, 191, 192, 195, 2, 179, 4, 189, 6, 161, 10, 97, 11, 193, 12, 88, 15, 94, 23, 28, 180, 14, 27, 30, 176, 22, 33, 124, 45, 69, 52, 196, 62, 0, 85, 197, 99, 50, 49, 56, 104, 84, 42, 114, 184, 8, 105, 115, 116, 132, 41, 118, 119, 57, 117, 122, 111, 13, 19, 29, 31, 39, 43, 48, 66, 77, 112, 125, 130, 173, 26, 44, 133, 149, 198, 5, 53, 141, 145, 158] into [169, 47, 55, 58, 80, 82, 96, 100, 103, 108, 126, 127, 128, 131, 135, 136, 156, 162, 167, 177, 178, 182, 191, 192, 195, 2, 179, 4, 189, 6, 161, 10, 97, 11, 193, 12, 88, 15, 94, 23, 28, 180, 14, 27, 30, 176, 22, 33, 124, 45, 69, 52, 196, 62, 0, 85, 197, 99, 50, 49, 56, 104, 84, 42, 114, 184, 8, 105, 115, 116, 132, 41, 118, 119, 57, 117, 122, 111, 13, 19, 29, 31, 39, 43, 48, 66, 77, 112, 125, 130, 173, 26, 44, 133, 149, 198, 5, 53, 141, 145, 158, 16, 60, 68, 73, 78, 81, 153, 157, 159]
[183, 181] Merge With [9, 38, 90, 95, 102, 120, 154, 166, 168, 175, 194, 164, 17, 142, 20, 107, 65, 121, 67, 98, 70, 188, 21, 32, 36, 74, 75, 174, 83] into [9, 38, 90, 95, 102, 120, 154, 166, 168, 175, 194, 164, 17, 142, 20, 107, 65, 121, 67, 98, 70, 188, 21, 32, 36, 74, 75, 174, 83, 183, 181]
[40, 35, 113, 147, 150, 171, 186] Merge With [9, 38, 90, 95, 102, 120, 154, 166, 168, 175, 194, 164, 17, 142, 20, 107, 65, 121, 67, 98, 70, 188, 21, 32, 36, 74, 75, 174, 83, 183, 181] into [9, 38, 90, 95, 102, 120, 154, 166, 168, 175, 194, 164, 17, 142, 20, 107, 65, 121, 67, 98, 70, 188, 21, 32, 36, 74, 75, 174, 83, 183, 181, 40, 35, 113, 147, 150, 171, 186]
[151, 18, 54, 63, 72, 79, 146, 148, 163, 199] Merge With [169, 47, 55, 58, 80, 82, 96, 100, 103, 108, 126, 127, 128, 131, 135, 136, 156, 162, 167, 177, 178, 182, 191, 192, 195, 2, 179, 4, 189, 6, 161, 10, 97, 11, 193, 12, 88, 15, 94, 23, 28, 180, 14, 27, 30, 176, 22, 33, 124, 45, 69, 52, 196, 62, 0, 85, 197, 99, 50, 49, 56, 104, 84, 42, 114, 184, 8, 105, 115, 116, 132, 41, 118, 119, 57, 117, 122, 111, 13, 19, 29, 31, 39, 43, 48, 66, 77, 112, 125, 130, 173, 26, 44, 133, 149, 198, 5, 53, 141, 145, 158, 16, 60, 68, 73, 78, 81, 153, 157, 159] into [169, 47, 55, 58, 80, 82, 96, 100, 103, 108, 126, 127, 128, 131, 135, 136, 156, 162, 167, 177, 178, 182, 191, 192, 195, 2, 179, 4, 189, 6, 161, 10, 97, 11, 193, 12, 88, 15, 94, 23, 28, 180, 14, 27, 30, 176, 22, 33, 124, 45, 69, 52, 196, 62, 0, 85, 197, 99, 50, 49, 56, 104, 84, 42, 114, 184, 8, 105, 115, 116, 132, 41, 118, 119, 57, 117, 122, 111, 13, 19, 29, 31, 39, 43, 48, 66, 77, 112, 125, 130, 173, 26, 44, 133, 149, 198, 5, 53, 141, 145, 158, 16, 60, 68, 73, 78, 81, 153, 157, 159, 151, 18, 54, 63, 72, 79, 146, 148, 163, 199]
[160, 3, 51, 61, 89, 109, 110, 144, 37] Merge With [169, 47, 55, 58, 80, 82, 96, 100, 103, 108, 126, 127, 128, 131, 135, 136, 156, 162, 167, 177, 178, 182, 191, 192, 195, 2, 179, 4, 189, 6, 161, 10, 97, 11, 193, 12, 88, 15, 94, 23, 28, 180, 14, 27, 30, 176, 22, 33, 124, 45, 69, 52, 196, 62, 0, 85, 197, 99, 50, 49, 56, 104, 84, 42, 114, 184, 8, 105, 115, 116, 132, 41, 118, 119, 57, 117, 122, 111, 13, 19, 29, 31, 39, 43, 48, 66, 77, 112, 125, 130, 173, 26, 44, 133, 149, 198, 5, 53, 141, 145, 158, 16, 60, 68, 73, 78, 81, 153, 157, 159, 151, 18, 54, 63, 72, 79, 146, 148, 163, 199] into [169, 47, 55, 58, 80, 82, 96, 100, 103, 108, 126, 127, 128, 131, 135, 136, 156, 162, 167, 177, 178, 182, 191, 192, 195, 2, 179, 4, 189, 6, 161, 10, 97, 11, 193, 12, 88, 15, 94, 23, 28, 180, 14, 27, 30, 176, 22, 33, 124, 45, 69, 52, 196, 62, 0, 85, 197, 99, 50, 49, 56, 104, 84, 42, 114, 184, 8, 105, 115, 116, 132, 41, 118, 119, 57, 117, 122, 111, 13, 19, 29, 31, 39, 43, 48, 66, 77, 112, 125, 130, 173, 26, 44, 133, 149, 198, 5, 53, 141, 145, 158, 16, 60, 68, 73, 78, 81, 153, 157, 159, 151, 18, 54, 63, 72, 79, 146, 148, 163, 199, 160, 3, 51, 61, 89, 109, 110, 144, 37]
[25, 187, 34, 46] Merge With [169, 47, 55, 58, 80, 82, 96, 100, 103, 108, 126, 127, 128, 131, 135, 136, 156, 162, 167, 177, 178, 182, 191, 192, 195, 2, 179, 4, 189, 6, 161, 10, 97, 11, 193, 12, 88, 15, 94, 23, 28, 180, 14, 27, 30, 176, 22, 33, 124, 45, 69, 52, 196, 62, 0, 85, 197, 99, 50, 49, 56, 104, 84, 42, 114, 184, 8, 105, 115, 116, 132, 41, 118, 119, 57, 117, 122, 111, 13, 19, 29, 31, 39, 43, 48, 66, 77, 112, 125, 130, 173, 26, 44, 133, 149, 198, 5, 53, 141, 145, 158, 16, 60, 68, 73, 78, 81, 153, 157, 159, 151, 18, 54, 63, 72, 79, 146, 148, 163, 199, 160, 3, 51, 61, 89, 109, 110, 144, 37] into [169, 47, 55, 58, 80, 82, 96, 100, 103, 108, 126, 127, 128, 131, 135, 136, 156, 162, 167, 177, 178, 182, 191, 192, 195, 2, 179, 4, 189, 6, 161, 10, 97, 11, 193, 12, 88, 15, 94, 23, 28, 180, 14, 27, 30, 176, 22, 33, 124, 45, 69, 52, 196, 62, 0, 85, 197, 99, 50, 49, 56, 104, 84, 42, 114, 184, 8, 105, 115, 116, 132, 41, 118, 119, 57, 117, 122, 111, 13, 19, 29, 31, 39, 43, 48, 66, 77, 112, 125, 130, 173, 26, 44, 133, 149, 198, 5, 53, 141, 145, 158, 16, 60, 68, 73, 78, 81, 153, 157, 159, 151, 18, 54, 63, 72, 79, 146, 148, 163, 199, 160, 3, 51, 61, 89, 109, 110, 144, 37, 25, 187, 34, 46]
[101, 87, 92, 93, 106, 140, 143, 152, 165, 7, 86] Merge With [169, 47, 55, 58, 80, 82, 96, 100, 103, 108, 126, 127, 128, 131, 135, 136, 156, 162, 167, 177, 178, 182, 191, 192, 195, 2, 179, 4, 189, 6, 161, 10, 97, 11, 193, 12, 88, 15, 94, 23, 28, 180, 14, 27, 30, 176, 22, 33, 124, 45, 69, 52, 196, 62, 0, 85, 197, 99, 50, 49, 56, 104, 84, 42, 114, 184, 8, 105, 115, 116, 132, 41, 118, 119, 57, 117, 122, 111, 13, 19, 29, 31, 39, 43, 48, 66, 77, 112, 125, 130, 173, 26, 44, 133, 149, 198, 5, 53, 141, 145, 158, 16, 60, 68, 73, 78, 81, 153, 157, 159, 151, 18, 54, 63, 72, 79, 146, 148, 163, 199, 160, 3, 51, 61, 89, 109, 110, 144, 37, 25, 187, 34, 46] into [169, 47, 55, 58, 80, 82, 96, 100, 103, 108, 126, 127, 128, 131, 135, 136, 156, 162, 167, 177, 178, 182, 191, 192, 195, 2, 179, 4, 189, 6, 161, 10, 97, 11, 193, 12, 88, 15, 94, 23, 28, 180, 14, 27, 30, 176, 22, 33, 124, 45, 69, 52, 196, 62, 0, 85, 197, 99, 50, 49, 56, 104, 84, 42, 114, 184, 8, 105, 115, 116, 132, 41, 118, 119, 57, 117, 122, 111, 13, 19, 29, 31, 39, 43, 48, 66, 77, 112, 125, 130, 173, 26, 44, 133, 149, 198, 5, 53, 141, 145, 158, 16, 60, 68, 73, 78, 81, 153, 157, 159, 151, 18, 54, 63, 72, 79, 146, 148, 163, 199, 160, 3, 51, 61, 89, 109, 110, 144, 37, 25, 187, 34, 46, 101, 87, 92, 93, 106, 140, 143, 152, 165, 7, 86]
[9, 38, 90, 95, 102, 120, 154, 166, 168, 175, 194, 164, 17, 142, 20, 107, 65, 121, 67, 98, 70, 188, 21, 32, 36, 74, 75, 174, 83, 183, 181, 40, 35, 113, 147, 150, 171, 186] Merge With [169, 47, 55, 58, 80, 82, 96, 100, 103, 108, 126, 127, 128, 131, 135, 136, 156, 162, 167, 177, 178, 182, 191, 192, 195, 2, 179, 4, 189, 6, 161, 10, 97, 11, 193, 12, 88, 15, 94, 23, 28, 180, 14, 27, 30, 176, 22, 33, 124, 45, 69, 52, 196, 62, 0, 85, 197, 99, 50, 49, 56, 104, 84, 42, 114, 184, 8, 105, 115, 116, 132, 41, 118, 119, 57, 117, 122, 111, 13, 19, 29, 31, 39, 43, 48, 66, 77, 112, 125, 130, 173, 26, 44, 133, 149, 198, 5, 53, 141, 145, 158, 16, 60, 68, 73, 78, 81, 153, 157, 159, 151, 18, 54, 63, 72, 79, 146, 148, 163, 199, 160, 3, 51, 61, 89, 109, 110, 144, 37, 25, 187, 34, 46, 101, 87, 92, 93, 106, 140, 143, 152, 165, 7, 86] into [169, 47, 55, 58, 80, 82, 96, 100, 103, 108, 126, 127, 128, 131, 135, 136, 156, 162, 167, 177, 178, 182, 191, 192, 195, 2, 179, 4, 189, 6, 161, 10, 97, 11, 193, 12, 88, 15, 94, 23, 28, 180, 14, 27, 30, 176, 22, 33, 124, 45, 69, 52, 196, 62, 0, 85, 197, 99, 50, 49, 56, 104, 84, 42, 114, 184, 8, 105, 115, 116, 132, 41, 118, 119, 57, 117, 122, 111, 13, 19, 29, 31, 39, 43, 48, 66, 77, 112, 125, 130, 173, 26, 44, 133, 149, 198, 5, 53, 141, 145, 158, 16, 60, 68, 73, 78, 81, 153, 157, 159, 151, 18, 54, 63, 72, 79, 146, 148, 163, 199, 160, 3, 51, 61, 89, 109, 110, 144, 37, 25, 187, 34, 46, 101, 87, 92, 93, 106, 140, 143, 152, 165, 7, 86, 9, 38, 90, 95, 102, 120, 154, 166, 168, 175, 194, 164, 17, 142, 20, 107, 65, 121, 67, 98, 70, 188, 21, 32, 36, 74, 75, 174, 83, 183, 181, 40, 35, 113, 147, 150, 171, 186]
