1 0.16666666666666663
2 0.20436507960160577
3 0.17857142786184943
4 0.20238095025221503
5 0.20833333830038703
6 0.2916666716337204
7 0.22222222884496057
8 0.22222222884496057
9 0.27083333333333337
10 0.27083333333333337
11 0.16666666666666663
12 0.20804988912173683
1 0.22066326510338552
2 0.21428571144739783
3 0.2113095223903656
4 0.21190475920836127
5 0.19047619047619047
6 0.19047619047619047
7 0.15000000596046448
8 0.16666666666666663
9 0.2464285731315613
10 0.16666666666666663
11 0.2038690479738372
12 0.23095238208770752
13 0.190178570151329
14 0.190178570151329
15 0.2599999964237213
16 0.2666666666666667
17 0.2666666666666667
18 0.20238095025221503
19 0.13492063681284583
20 0.20666667024294538
21 0.17142856121063232
1 0.21428571144739783
2 0.2464285731315613
3 0.221428570151329
4 0.3888888955116272
5 0.19047618905703223
6 0.2333333313465118
7 0.3074829904806047
8 0.28316326865128105
9 0.28316326865128105
10 0.3484848483042283
11 0.3055555621782938
12 0.36904761691888177
13 0.26984127362569177
14 0.28769841293493903
